Time - u2	Amplitude - u2	Time - f2	Amplitude - f2	
0	7	0	1	
0,1	7	0,1	1,02	
0,2	7	0,2	1,039	
0,3	7	0,3	1,057	
0,4	7	0,4	1,074	
0,5	7	0,5	1,09	
0,6	7	0,6	1,106	
0,7	7	0,7	1,121	
0,8	7	0,8	1,135	
0,9	7	0,9	1,148	
1	7	1	1,161	
1,1	7	1,1	1,172	
1,2	7	1,2	1,184	
1,3	7	1,3	1,195	
1,4	7	1,4	1,205	
1,5	7	1,5	1,215	
1,6	7	1,6	1,224	
1,7	7	1,7	1,233	
1,8	7	1,8	1,241	
1,9	7	1,9	1,249	
2	7	2	1,257	
2,1	7	2,1	1,264	
2,2	7	2,2	1,271	
2,3	7	2,3	1,277	
2,4	7	2,4	1,283	
2,5	7	2,5	1,289	
2,6	7	2,6	1,295	
2,7	7	2,7	1,3	
2,8	7	2,8	1,305	
2,9	7	2,9	1,31	
3	7	3	1,314	
3,1	7	3,1	1,318	
3,2	7	3,2	1,323	
3,3	7	3,3	1,326	
3,4	7	3,4	1,33	
3,5	7	3,5	1,334	
3,6	7	3,6	1,337	
3,7	7	3,7	1,34	
3,8	7	3,8	1,343	
3,9	7	3,9	1,346	
4	7	4	1,349	
4,1	7	4,1	1,351	
4,2	7	4,2	1,354	
4,3	7	4,3	1,356	
4,4	7	4,4	1,358	
4,5	7	4,5	1,36	
4,6	7	4,6	1,362	
4,7	7	4,7	1,364	
4,8	7	4,8	1,366	
4,9	7	4,9	1,368	
5	7	5	1,369	
5,1	7	5,1	1,371	
5,2	7	5,2	1,372	
5,3	7	5,3	1,374	
5,4	7	5,4	1,375	
5,5	7	5,5	1,376	
5,6	7	5,6	1,377	
5,7	7	5,7	1,379	
5,8	7	5,8	1,38	
5,9	7	5,9	1,381	
6	7	6	1,382	
6,1	7	6,1	1,382	
6,2	7	6,2	1,383	
6,3	7	6,3	1,384	
6,4	7	6,4	1,385	
6,5	7	6,5	1,386	
6,6	7	6,6	1,386	
6,7	7	6,7	1,387	
6,8	7	6,8	1,388	
6,9	7	6,9	1,388	
7	7	7	1,389	
7,1	7	7,1	1,39	
7,2	7	7,2	1,39	
7,3	7	7,3	1,391	
7,4	7	7,4	1,391	
7,5	7	7,5	1,391	
7,6	7	7,6	1,392	
7,7	7	7,7	1,392	
7,8	7	7,8	1,393	
7,9	7	7,9	1,393	
8	7	8	1,393	
8,1	7	8,1	1,394	
8,2	7	8,2	1,394	
8,3	7	8,3	1,394	
8,4	7	8,4	1,395	
8,5	7	8,5	1,395	
8,6	7	8,6	1,395	
8,7	7	8,7	1,395	
8,8	7	8,8	1,396	
8,9	7	8,9	1,396	
9	7	9	1,396	
9,1	7	9,1	1,396	
9,2	7	9,2	1,396	
9,3	7	9,3	1,397	
9,4	7	9,4	1,397	
9,5	7	9,5	1,397	
9,6	7	9,6	1,397	
9,7	7	9,7	1,397	
9,8	7	9,8	1,397	
9,9	7	9,9	1,398	
10	7	10	1,398	
10,1	7	10,1	1,398	
10,2	7	10,2	1,398	
10,3	7	10,3	1,398	
10,4	7	10,4	1,398	
10,5	7	10,5	1,398	
10,6	7	10,6	1,398	
10,7	7	10,7	1,398	
10,8	7	10,8	1,398	
10,9	7	10,9	1,399	
11	7	11	1,399	
11,1	7	11,1	1,399	
11,2	7	11,2	1,399	
11,3	7	11,3	1,399	
11,4	7	11,4	1,399	
11,5	7	11,5	1,399	
11,6	7	11,6	1,399	
11,7	7	11,7	1,399	
11,8	7	11,8	1,399	
11,9	7	11,9	1,399	
12	7	12	1,399	
12,1	7	12,1	1,399	
12,2	7	12,2	1,399	
12,3	7	12,3	1,399	
12,4	7	12,4	1,399	
12,5	7	12,5	1,399	
12,6	7	12,6	1,399	
12,7	7	12,7	1,399	
12,8	7	12,8	1,399	
12,9	7	12,9	1,399	
13	7	13	1,399	
13,1	7	13,1	1,4	
13,2	7	13,2	1,4	
13,3	7	13,3	1,4	
13,4	7	13,4	1,4	
13,5	7	13,5	1,4	
13,6	7	13,6	1,4	
13,7	7	13,7	1,4	
13,8	7	13,8	1,4	
13,9	7	13,9	1,4	
14	7	14	1,4	
14,1	7	14,1	1,4	
14,2	7	14,2	1,4	
14,3	7	14,3	1,4	
14,4	7	14,4	1,4	
14,5	7	14,5	1,4	
14,6	7	14,6	1,4	
14,7	7	14,7	1,4	
14,8	7	14,8	1,4	
14,9	7	14,9	1,4	
15	7	15	1,4	
15,1	7	15,1	1,4	
15,2	7	15,2	1,4	
15,3	7	15,3	1,4	
15,4	7	15,4	1,4	
15,5	7	15,5	1,4	
15,6	7	15,6	1,4	
15,7	7	15,7	1,4	
15,8	7	15,8	1,4	
15,9	7	15,9	1,4	
16	7	16	1,4	
16,1	7	16,1	1,4	
16,2	7	16,2	1,4	
16,3	7	16,3	1,4	
16,4	7	16,4	1,4	
16,5	7	16,5	1,4	
16,6	7	16,6	1,4	
16,7	7	16,7	1,4	
16,8	7	16,8	1,4	
16,9	7	16,9	1,4	
17	7	17	1,4	
17,1	7	17,1	1,4	
17,2	7	17,2	1,4	
17,3	7	17,3	1,4	
17,4	7	17,4	1,4	
17,5	7	17,5	1,4	
17,6	7	17,6	1,4	
17,7	7	17,7	1,4	
17,8	7	17,8	1,4	
17,9	7	17,9	1,4	
18	7	18	1,4	
18,1	7	18,1	1,4	
18,2	7	18,2	1,4	
18,3	7	18,3	1,4	
18,4	7	18,4	1,4	
18,5	7	18,5	1,4	
18,6	7	18,6	1,4	
18,7	7	18,7	1,4	
18,8	7	18,8	1,4	
18,9	7	18,9	1,4	
19	7	19	1,4	
19,1	7	19,1	1,4	
19,2	7	19,2	1,4	
19,3	7	19,3	1,4	
19,4	7	19,4	1,4	
19,5	7	19,5	1,4	
19,6	7	19,6	1,4	
19,7	7	19,7	1,4	
19,8	7	19,8	1,4	
19,9	7	19,9	1,4	
20	7	20	1,4	
20,1	7	20,1	1,4	
20,2	7	20,2	1,4	
20,3	7	20,3	1,4	
20,4	7	20,4	1,4	
20,5	7	20,5	1,4	
20,6	7	20,6	1,4	
20,7	7	20,7	1,4	
20,8	7	20,8	1,4	
20,9	7	20,9	1,4	
21	7	21	1,4	
21,1	7	21,1	1,4	
21,2	7	21,2	1,4	
21,3	7	21,3	1,4	
21,4	7	21,4	1,4	
21,5	7	21,5	1,4	
21,6	7	21,6	1,4	
21,7	7	21,7	1,4	
21,8	7	21,8	1,4	
21,9	7	21,9	1,4	
22	7	22	1,4	
22,1	7	22,1	1,4	
22,2	7	22,2	1,4	
22,3	7	22,3	1,4	
22,4	7	22,4	1,4	
22,5	7	22,5	1,4	
22,6	7	22,6	1,4	
22,7	7	22,7	1,4	
22,8	7	22,8	1,4	
22,9	7	22,9	1,4	
23	7	23	1,4	
23,1	7	23,1	1,4	
23,2	7	23,2	1,4	
23,3	7	23,3	1,4	
23,4	7	23,4	1,4	
23,5	7	23,5	1,4	
23,6	7	23,6	1,4	
23,7	7	23,7	1,4	
23,8	7	23,8	1,4	
23,9	7	23,9	1,4	
24	7	24	1,4	
24,1	7	24,1	1,4	
24,2	7	24,2	1,4	
24,3	7	24,3	1,4	
24,4	7	24,4	1,4	
24,5	7	24,5	1,4	
24,6	7	24,6	1,4	
24,7	7	24,7	1,4	
24,8	7	24,8	1,4	
24,9	7	24,9	1,4	
25	7	25	1,4	
25,1	7	25,1	1,4	
25,2	7	25,2	1,4	
25,3	7	25,3	1,4	
25,4	7	25,4	1,4	
25,5	7	25,5	1,4	
25,6	7	25,6	1,4	
25,7	7	25,7	1,4	
25,8	7	25,8	1,4	
25,9	7	25,9	1,4	
26	7	26	1,4	
26,1	7	26,1	1,4	
26,2	7	26,2	1,4	
26,3	7	26,3	1,4	
26,4	7	26,4	1,4	
26,5	7	26,5	1,4	
26,6	7	26,6	1,4	
26,7	7	26,7	1,4	
26,8	7	26,8	1,4	
26,9	7	26,9	1,4	
27	7	27	1,4	
27,1	7	27,1	1,4	
27,2	7	27,2	1,4	
27,3	7	27,3	1,4	
27,4	7	27,4	1,4	
27,5	7	27,5	1,4	
27,6	7	27,6	1,4	
27,7	7	27,7	1,4	
27,8	7	27,8	1,4	
27,9	7	27,9	1,4	
28	7	28	1,4	
28,1	7	28,1	1,4	
28,2	7	28,2	1,4	
28,3	7	28,3	1,4	
28,4	7	28,4	1,4	
28,5	7	28,5	1,4	
28,6	7	28,6	1,4	
28,7	7	28,7	1,4	
28,8	7	28,8	1,4	
28,9	7	28,9	1,4	
29	7	29	1,4	
29,1	7	29,1	1,4	
29,2	7	29,2	1,4	
29,3	7	29,3	1,4	
29,4	7	29,4	1,4	
29,5	7	29,5	1,4	
29,6	7	29,6	1,4	
29,7	7	29,7	1,4	
29,8	7	29,8	1,4	
29,9	7	29,9	1,4	
30	7	30	1,4	
30,1	7	30,1	1,4	
30,2	7	30,2	1,4	
30,3	7	30,3	1,4	
30,4	7	30,4	1,4	
30,5	7	30,5	1,4	
30,6	7	30,6	1,4	
30,7	7	30,7	1,4	
30,8	7	30,8	1,4	
30,9	7	30,9	1,4	
31	7	31	1,4	
31,1	7	31,1	1,4	
31,2	7	31,2	1,4	
31,3	7	31,3	1,4	
31,4	7	31,4	1,4	
31,5	7	31,5	1,4	
31,6	7	31,6	1,4	
31,7	7	31,7	1,4	
31,8	7	31,8	1,4	
31,9	7	31,9	1,4	
32	7	32	1,4	
32,1	7	32,1	1,4	
32,2	7	32,2	1,4	
32,3	7	32,3	1,4	
32,4	7	32,4	1,4	
32,5	7	32,5	1,4	
32,6	7	32,6	1,4	
32,7	7	32,7	1,4	
32,8	7	32,8	1,4	
32,9	7	32,9	1,4	
33	7	33	1,4	
33,1	7	33,1	1,4	
33,2	7	33,2	1,4	
33,3	7	33,3	1,4	
33,4	7	33,4	1,4	
33,5	7	33,5	1,4	
33,6	7	33,6	1,4	
33,7	7	33,7	1,4	
33,8	7	33,8	1,4	
33,9	7	33,9	1,4	
34	7	34	1,4	
34,1	7	34,1	1,4	
34,2	7	34,2	1,4	
34,3	7	34,3	1,4	
34,4	7	34,4	1,4	
34,5	7	34,5	1,4	
34,6	7	34,6	1,4	
34,7	7	34,7	1,4	
34,8	7	34,8	1,4	
34,9	7	34,9	1,4	
35	7	35	1,4	
35,1	7	35,1	1,4	
35,2	7	35,2	1,4	
35,3	7	35,3	1,4	
35,4	7	35,4	1,4	
35,5	7	35,5	1,4	
35,6	7	35,6	1,4	
35,7	7	35,7	1,4	
35,8	7	35,8	1,4	
35,9	7	35,9	1,4	
36	7	36	1,4	
36,1	7	36,1	1,4	
36,2	7	36,2	1,4	
36,3	7	36,3	1,4	
36,4	7	36,4	1,4	
36,5	7	36,5	1,4	
36,6	7	36,6	1,4	
36,7	7	36,7	1,4	
36,8	7	36,8	1,4	
36,9	7	36,9	1,4	
37	7	37	1,4	
37,1	7	37,1	1,4	
37,2	7	37,2	1,4	
37,3	7	37,3	1,4	
37,4	7	37,4	1,4	
37,5	7	37,5	1,4	
37,6	7	37,6	1,4	
37,7	7	37,7	1,4	
37,8	7	37,8	1,4	
37,9	7	37,9	1,4	
38	7	38	1,4	
38,1	7	38,1	1,4	
38,2	7	38,2	1,4	
38,3	7	38,3	1,4	
38,4	7	38,4	1,4	
38,5	7	38,5	1,4	
38,6	7	38,6	1,4	
38,7	7	38,7	1,4	
38,8	7	38,8	1,4	
38,9	7	38,9	1,4	
39	7	39	1,4	
39,1	7	39,1	1,4	
39,2	7	39,2	1,4	
39,3	7	39,3	1,4	
39,4	7	39,4	1,4	
39,5	7	39,5	1,4	
39,6	7	39,6	1,4	
39,7	7	39,7	1,4	
39,8	7	39,8	1,4	
39,9	7	39,9	1,4	
40	7	40	1,4	
40,1	7	40,1	1,4	
40,2	7	40,2	1,4	
40,3	7	40,3	1,4	
40,4	7	40,4	1,4	
40,5	7	40,5	1,4	
40,6	7	40,6	1,4	
40,7	7	40,7	1,4	
40,8	7	40,8	1,4	
40,9	7	40,9	1,4	
41	7	41	1,4	
41,1	7	41,1	1,4	
41,2	7	41,2	1,4	
41,3	7	41,3	1,4	
41,4	7	41,4	1,4	
41,5	7	41,5	1,4	
41,6	7	41,6	1,4	
41,7	7	41,7	1,4	
41,8	7	41,8	1,4	
41,9	7	41,9	1,4	
42	7	42	1,4	
42,1	7	42,1	1,4	
42,2	7	42,2	1,4	
42,3	7	42,3	1,4	
42,4	7	42,4	1,4	
42,5	7	42,5	1,4	
42,6	7	42,6	1,4	
42,7	7	42,7	1,4	
42,8	7	42,8	1,4	
42,9	7	42,9	1,4	
43	7	43	1,4	
43,1	7	43,1	1,4	
43,2	7	43,2	1,4	
43,3	7	43,3	1,4	
43,4	7	43,4	1,4	
43,5	7	43,5	1,4	
43,6	7	43,6	1,4	
43,7	7	43,7	1,4	
43,8	7	43,8	1,4	
43,9	7	43,9	1,4	
44	7	44	1,4	
44,1	7	44,1	1,4	
44,2	7	44,2	1,4	
44,3	7	44,3	1,4	
44,4	7	44,4	1,4	
44,5	7	44,5	1,4	
44,6	7	44,6	1,4	
44,7	7	44,7	1,4	
44,8	7	44,8	1,4	
44,9	7	44,9	1,4	
45	3	45	1,4	
45,1	3	45,1	1,36	
45,2	3	45,2	1,322	
45,3	3	45,3	1,286	
45,4	3	45,4	1,252	
45,5	3	45,5	1,219	
45,6	3	45,6	1,188	
45,7	3	45,7	1,159	
45,8	3	45,8	1,131	
45,9	3	45,9	1,104	
46	3	46	1,079	
46,1	3	46,1	1,055	
46,2	3	46,2	1,032	
46,3	3	46,3	1,011	
46,4	3	46,4	0,9901	
46,5	3	46,5	0,9706	
46,6	3	46,6	0,9521	
46,7	3	46,7	0,9345	
46,8	3	46,8	0,9178	
46,9	3	46,9	0,9019	
47	3	47	0,8868	
47,1	3	47,1	0,8724	
47,2	3	47,2	0,8588	
47,3	3	47,3	0,8459	
47,4	3	47,4	0,8336	
47,5	3	47,5	0,8219	
47,6	3	47,6	0,8108	
47,7	3	47,7	0,8003	
47,8	3	47,8	0,7903	
47,9	3	47,9	0,7807	
48	3	48	0,7717	
48,1	3	48,1	0,7631	
48,2	3	48,2	0,755	
48,3	3	48,3	0,7472	
48,4	3	48,4	0,7399	
48,5	3	48,5	0,7329	
48,6	3	48,6	0,7262	
48,7	3	48,7	0,7199	
48,8	3	48,8	0,7139	
48,9	3	48,9	0,7082	
49	3	49	0,7028	
49,1	3	49,1	0,6977	
49,2	3	49,2	0,6928	
49,3	3	49,3	0,6881	
49,4	3	49,4	0,6837	
49,5	3	49,5	0,6796	
49,6	3	49,6	0,6756	
49,7	3	49,7	0,6718	
49,8	3	49,8	0,6682	
49,9	3	49,9	0,6648	
50	3	50	0,6616	
50,1	3	50,1	0,6585	
50,2	3	50,2	0,6556	
50,3	3	50,3	0,6528	
50,4	3	50,4	0,6501	
50,5	3	50,5	0,6476	
50,6	3	50,6	0,6452	
50,7	3	50,7	0,643	
50,8	3	50,8	0,6408	
50,9	3	50,9	0,6388	
51	3	51	0,6369	
51,1	3	51,1	0,635	
51,2	3	51,2	0,6333	
51,3	3	51,3	0,6316	
51,4	3	51,4	0,63	
51,5	3	51,5	0,6285	
51,6	3	51,6	0,6271	
51,7	3	51,7	0,6257	
51,8	3	51,8	0,6245	
51,9	3	51,9	0,6232	
52	3	52	0,6221	
52,1	3	52,1	0,621	
52,2	3	52,2	0,6199	
52,3	3	52,3	0,6189	
52,4	3	52,4	0,618	
52,5	3	52,5	0,6171	
52,6	3	52,6	0,6162	
52,7	3	52,7	0,6154	
52,8	3	52,8	0,6146	
52,9	3	52,9	0,6139	
53	3	53	0,6132	
53,1	3	53,1	0,6126	
53,2	3	53,2	0,6119	
53,3	3	53,3	0,6113	
53,4	3	53,4	0,6108	
53,5	3	53,5	0,6102	
53,6	3	53,6	0,6097	
53,7	3	53,7	0,6092	
53,8	3	53,8	0,6088	
53,9	3	53,9	0,6083	
54	3	54	0,6079	
54,1	3	54,1	0,6075	
54,2	3	54,2	0,6071	
54,3	3	54,3	0,6068	
54,4	3	54,4	0,6064	
54,5	3	54,5	0,6061	
54,6	3	54,6	0,6058	
54,7	3	54,7	0,6055	
54,8	3	54,8	0,6052	
54,9	3	54,9	0,605	
55	3	55	0,6047	
55,1	3	55,1	0,6045	
55,2	3	55,2	0,6043	
55,3	3	55,3	0,6041	
55,4	3	55,4	0,6039	
55,5	3	55,5	0,6037	
55,6	3	55,6	0,6035	
55,7	3	55,7	0,6033	
55,8	3	55,8	0,6031	
55,9	3	55,9	0,603	
56	3	56	0,6028	
56,1	3	56,1	0,6027	
56,2	3	56,2	0,6026	
56,3	3	56,3	0,6024	
56,4	3	56,4	0,6023	
56,5	3	56,5	0,6022	
56,6	3	56,6	0,6021	
56,7	3	56,7	0,602	
56,8	3	56,8	0,6019	
56,9	3	56,9	0,6018	
57	3	57	0,6017	
57,1	3	57,1	0,6016	
57,2	3	57,2	0,6015	
57,3	3	57,3	0,6015	
57,4	3	57,4	0,6014	
57,5	3	57,5	0,6013	
57,6	3	57,6	0,6012	
57,7	3	57,7	0,6012	
57,8	3	57,8	0,6011	
57,9	3	57,9	0,6011	
58	3	58	0,601	
58,1	3	58,1	0,601	
58,2	3	58,2	0,6009	
58,3	3	58,3	0,6009	
58,4	3	58,4	0,6008	
58,5	3	58,5	0,6008	
58,6	3	58,6	0,6007	
58,7	3	58,7	0,6007	
58,8	3	58,8	0,6007	
58,9	3	58,9	0,6006	
59	3	59	0,6006	
59,1	3	59,1	0,6006	
59,2	3	59,2	0,6005	
59,3	3	59,3	0,6005	
59,4	3	59,4	0,6005	
59,5	3	59,5	0,6005	
59,6	3	59,6	0,6004	
59,7	3	59,7	0,6004	
59,8	3	59,8	0,6004	
59,9	3	59,9	0,6004	
60	3	60	0,6004	
60,1	3	60,1	0,6003	
60,2	3	60,2	0,6003	
60,3	3	60,3	0,6003	
60,4	3	60,4	0,6003	
60,5	3	60,5	0,6003	
60,6	3	60,6	0,6003	
60,7	3	60,7	0,6003	
60,8	3	60,8	0,6002	
60,9	3	60,9	0,6002	
61	3	61	0,6002	
61,1	3	61,1	0,6002	
61,2	3	61,2	0,6002	
61,3	3	61,3	0,6002	
61,4	3	61,4	0,6002	
61,5	3	61,5	0,6002	
61,6	3	61,6	0,6002	
61,7	3	61,7	0,6002	
61,8	3	61,8	0,6001	
61,9	3	61,9	0,6001	
62	3	62	0,6001	
62,1	3	62,1	0,6001	
62,2	3	62,2	0,6001	
62,3	3	62,3	0,6001	
62,4	3	62,4	0,6001	
62,5	3	62,5	0,6001	
62,6	3	62,6	0,6001	
62,7	3	62,7	0,6001	
62,8	3	62,8	0,6001	
62,9	3	62,9	0,6001	
63	3	63	0,6001	
63,1	3	63,1	0,6001	
63,2	3	63,2	0,6001	
63,3	3	63,3	0,6001	
63,4	3	63,4	0,6001	
63,5	3	63,5	0,6001	
63,6	3	63,6	0,6001	
63,7	3	63,7	0,6001	
63,8	3	63,8	0,6001	
63,9	3	63,9	0,6	
64	3	64	0,6	
64,1	3	64,1	0,6	
64,2	3	64,2	0,6	
64,3	3	64,3	0,6	
64,4	3	64,4	0,6	
64,5	3	64,5	0,6	
64,6	3	64,6	0,6	
64,7	3	64,7	0,6	
64,8	3	64,8	0,6	
64,9	3	64,9	0,6	
65	3	65	0,6	
65,1	3	65,1	0,6	
65,2	3	65,2	0,6	
65,3	3	65,3	0,6	
65,4	3	65,4	0,6	
65,5	3	65,5	0,6	
65,6	3	65,6	0,6	
65,7	3	65,7	0,6	
65,8	3	65,8	0,6	
65,9	3	65,9	0,6	
66	3	66	0,6	
66,1	3	66,1	0,6	
66,2	3	66,2	0,6	
66,3	3	66,3	0,6	
66,4	3	66,4	0,6	
66,5	3	66,5	0,6	
66,6	3	66,6	0,6	
66,7	3	66,7	0,6	
66,8	3	66,8	0,6	
66,9	3	66,9	0,6	
67	3	67	0,6	
67,1	3	67,1	0,6	
67,2	3	67,2	0,6	
67,3	3	67,3	0,6	
67,4	3	67,4	0,6	
67,5	3	67,5	0,6	
67,6	3	67,6	0,6	
67,7	3	67,7	0,6	
67,8	3	67,8	0,6	
67,9	3	67,9	0,6	
68	3	68	0,6	
68,1	3	68,1	0,6	
68,2	3	68,2	0,6	
68,3	3	68,3	0,6	
68,4	3	68,4	0,6	
68,5	3	68,5	0,6	
68,6	3	68,6	0,6	
68,7	3	68,7	0,6	
68,8	3	68,8	0,6	
68,9	3	68,9	0,6	
69	3	69	0,6	
69,1	3	69,1	0,6	
69,2	3	69,2	0,6	
69,3	3	69,3	0,6	
69,4	3	69,4	0,6	
69,5	3	69,5	0,6	
69,6	3	69,6	0,6	
69,7	3	69,7	0,6	
69,8	3	69,8	0,6	
69,9	3	69,9	0,6	
70	3	70	0,6	
70,1	3	70,1	0,6	
70,2	3	70,2	0,6	
70,3	3	70,3	0,6	
70,4	3	70,4	0,6	
70,5	3	70,5	0,6	
70,6	3	70,6	0,6	
70,7	3	70,7	0,6	
70,8	3	70,8	0,6	
70,9	3	70,9	0,6	
71	3	71	0,6	
71,1	3	71,1	0,6	
71,2	3	71,2	0,6	
71,3	3	71,3	0,6	
71,4	3	71,4	0,6	
71,5	3	71,5	0,6	
71,6	3	71,6	0,6	
71,7	3	71,7	0,6	
71,8	3	71,8	0,6	
71,9	3	71,9	0,6	
72	3	72	0,6	
72,1	3	72,1	0,6	
72,2	3	72,2	0,6	
72,3	3	72,3	0,6	
72,4	3	72,4	0,6	
72,5	3	72,5	0,6	
72,6	3	72,6	0,6	
72,7	3	72,7	0,6	
72,8	3	72,8	0,6	
72,9	3	72,9	0,6	
73	3	73	0,6	
73,1	3	73,1	0,6	
73,2	3	73,2	0,6	
73,3	3	73,3	0,6	
73,4	3	73,4	0,6	
73,5	3	73,5	0,6	
73,6	3	73,6	0,6	
73,7	3	73,7	0,6	
73,8	3	73,8	0,6	
73,9	3	73,9	0,6	
74	3	74	0,6	
74,1	3	74,1	0,6	
74,2	3	74,2	0,6	
74,3	3	74,3	0,6	
74,4	3	74,4	0,6	
74,5	3	74,5	0,6	
74,6	3	74,6	0,6	
74,7	3	74,7	0,6	
74,8	3	74,8	0,6	
74,9	3	74,9	0,6	
75	3	75	0,6	
75,1	3	75,1	0,6	
75,2	3	75,2	0,6	
75,3	3	75,3	0,6	
75,4	3	75,4	0,6	
75,5	3	75,5	0,6	
75,6	3	75,6	0,6	
75,7	3	75,7	0,6	
75,8	3	75,8	0,6	
75,9	3	75,9	0,6	
76	3	76	0,6	
76,1	3	76,1	0,6	
76,2	3	76,2	0,6	
76,3	3	76,3	0,6	
76,4	3	76,4	0,6	
76,5	3	76,5	0,6	
76,6	3	76,6	0,6	
76,7	3	76,7	0,6	
76,8	3	76,8	0,6	
76,9	3	76,9	0,6	
77	3	77	0,6	
77,1	3	77,1	0,6	
77,2	3	77,2	0,6	
77,3	3	77,3	0,6	
77,4	3	77,4	0,6	
77,5	3	77,5	0,6	
77,6	3	77,6	0,6	
77,7	3	77,7	0,6	
77,8	3	77,8	0,6	
77,9	3	77,9	0,6	
78	3	78	0,6	
78,1	3	78,1	0,6	
78,2	3	78,2	0,6	
78,3	3	78,3	0,6	
78,4	3	78,4	0,6	
78,5	3	78,5	0,6	
78,6	3	78,6	0,6	
78,7	3	78,7	0,6	
78,8	3	78,8	0,6	
78,9	3	78,9	0,6	
79	3	79	0,6	
79,1	3	79,1	0,6	
79,2	3	79,2	0,6	
79,3	3	79,3	0,6	
79,4	3	79,4	0,6	
79,5	3	79,5	0,6	
79,6	3	79,6	0,6	
79,7	3	79,7	0,6	
79,8	3	79,8	0,6	
79,9	3	79,9	0,6	
80	3	80	0,6	
80,1	3	80,1	0,6	
80,2	3	80,2	0,6	
80,3	3	80,3	0,6	
80,4	3	80,4	0,6	
80,5	3	80,5	0,6	
80,6	3	80,6	0,6	
80,7	3	80,7	0,6	
80,8	3	80,8	0,6	
80,9	3	80,9	0,6	
81	3	81	0,6	
81,1	3	81,1	0,6	
81,2	3	81,2	0,6	
81,3	3	81,3	0,6	
81,4	3	81,4	0,6	
81,5	3	81,5	0,6	
81,6	3	81,6	0,6	
81,7	3	81,7	0,6	
81,8	3	81,8	0,6	
81,9	3	81,9	0,6	
82	3	82	0,6	
82,1	3	82,1	0,6	
82,2	3	82,2	0,6	
82,3	3	82,3	0,6	
82,4	3	82,4	0,6	
82,5	3	82,5	0,6	
82,6	3	82,6	0,6	
82,7	3	82,7	0,6	
82,8	3	82,8	0,6	
82,9	3	82,9	0,6	
83	3	83	0,6	
83,1	3	83,1	0,6	
83,2	3	83,2	0,6	
83,3	3	83,3	0,6	
83,4	3	83,4	0,6	
83,5	3	83,5	0,6	
83,6	3	83,6	0,6	
83,7	3	83,7	0,6	
83,8	3	83,8	0,6	
83,9	3	83,9	0,6	
84	3	84	0,6	
84,1	3	84,1	0,6	
84,2	3	84,2	0,6	
84,3	3	84,3	0,6	
84,4	3	84,4	0,6	
84,5	3	84,5	0,6	
84,6	3	84,6	0,6	
84,7	3	84,7	0,6	
84,8	3	84,8	0,6	
84,9	3	84,9	0,6	
85	3	85	0,6	
85,1	3	85,1	0,6	
85,2	3	85,2	0,6	
85,3	3	85,3	0,6	
85,4	3	85,4	0,6	
85,5	3	85,5	0,6	
85,6	3	85,6	0,6	
85,7	3	85,7	0,6	
85,8	3	85,8	0,6	
85,9	3	85,9	0,6	
86	3	86	0,6	
86,1	3	86,1	0,6	
86,2	3	86,2	0,6	
86,3	3	86,3	0,6	
86,4	3	86,4	0,6	
86,5	3	86,5	0,6	
86,6	3	86,6	0,6	
86,7	3	86,7	0,6	
86,8	3	86,8	0,6	
86,9	3	86,9	0,6	
87	3	87	0,6	
87,1	3	87,1	0,6	
87,2	3	87,2	0,6	
87,3	3	87,3	0,6	
87,4	3	87,4	0,6	
87,5	3	87,5	0,6	
87,6	3	87,6	0,6	
87,7	3	87,7	0,6	
87,8	3	87,8	0,6	
87,9	3	87,9	0,6	
88	3	88	0,6	
88,1	3	88,1	0,6	
88,2	3	88,2	0,6	
88,3	3	88,3	0,6	
88,4	3	88,4	0,6	
88,5	3	88,5	0,6	
88,6	3	88,6	0,6	
88,7	3	88,7	0,6	
88,8	3	88,8	0,6	
88,9	3	88,9	0,6	
89	3	89	0,6	
89,1	3	89,1	0,6	
89,2	3	89,2	0,6	
89,3	3	89,3	0,6	
89,4	3	89,4	0,6	
89,5	3	89,5	0,6	
89,6	3	89,6	0,6	
89,7	3	89,7	0,6	
89,8	3	89,8	0,6	
89,9	3	89,9	0,6	
90	7	90	0,6	
90,1	7	90,1	0,64	
90,2	7	90,2	0,678	
90,3	7	90,3	0,7141	
90,4	7	90,4	0,7484	
90,5	7	90,5	0,781	
90,6	7	90,6	0,8119	
90,7	7	90,7	0,8413	
90,8	7	90,8	0,8693	
90,9	7	90,9	0,8958	
91	7	91	0,921	
91,1	7	91,1	0,945	
91,2	7	91,2	0,9677	
91,3	7	91,3	0,9893	
91,4	7	91,4	1,01	
91,5	7	91,5	1,029	
91,6	7	91,6	1,048	
91,7	7	91,7	1,066	
91,8	7	91,8	1,082	
91,9	7	91,9	1,098	
92	7	92	1,113	
92,1	7	92,1	1,128	
92,2	7	92,2	1,141	
92,3	7	92,3	1,154	
92,4	7	92,4	1,166	
92,5	7	92,5	1,178	
92,6	7	92,6	1,189	
92,7	7	92,7	1,2	
92,8	7	92,8	1,21	
92,9	7	92,9	1,219	
93	7	93	1,228	
93,1	7	93,1	1,237	
93,2	7	93,2	1,245	
93,3	7	93,3	1,253	
93,4	7	93,4	1,26	
93,5	7	93,5	1,267	
93,6	7	93,6	1,274	
93,7	7	93,7	1,28	
93,8	7	93,8	1,286	
93,9	7	93,9	1,292	
94	7	94	1,297	
94,1	7	94,1	1,302	
94,2	7	94,2	1,307	
94,3	7	94,3	1,312	
94,4	7	94,4	1,316	
94,5	7	94,5	1,32	
94,6	7	94,6	1,324	
94,7	7	94,7	1,328	
94,8	7	94,8	1,332	
94,9	7	94,9	1,335	
95	7	95	1,338	
95,1	7	95,1	1,342	
95,2	7	95,2	1,344	
95,3	7	95,3	1,347	
95,4	7	95,4	1,35	
95,5	7	95,5	1,352	
95,6	7	95,6	1,355	
95,7	7	95,7	1,357	
95,8	7	95,8	1,359	
95,9	7	95,9	1,361	
96	7	96	1,363	
96,1	7	96,1	1,365	
96,2	7	96,2	1,367	
96,3	7	96,3	1,368	
96,4	7	96,4	1,37	
96,5	7	96,5	1,371	
96,6	7	96,6	1,373	
96,7	7	96,7	1,374	
96,8	7	96,8	1,376	
96,9	7	96,9	1,377	
97	7	97	1,378	
97,1	7	97,1	1,379	
97,2	7	97,2	1,38	
97,3	7	97,3	1,381	
97,4	7	97,4	1,382	
97,5	7	97,5	1,383	
97,6	7	97,6	1,384	
97,7	7	97,7	1,385	
97,8	7	97,8	1,385	
97,9	7	97,9	1,386	
98	7	98	1,387	
98,1	7	98,1	1,387	
98,2	7	98,2	1,388	
98,3	7	98,3	1,389	
98,4	7	98,4	1,389	
98,5	7	98,5	1,39	
98,6	7	98,6	1,39	
98,7	7	98,7	1,391	
98,8	7	98,8	1,391	
98,9	7	98,9	1,392	
99	7	99	1,392	
99,1	7	99,1	1,392	
99,2	7	99,2	1,393	
99,3	7	99,3	1,393	
99,4	7	99,4	1,394	
99,5	7	99,5	1,394	
99,6	7	99,6	1,394	
99,7	7	99,7	1,394	
99,8	7	99,8	1,395	
99,9	7	99,9	1,395	
100	7	100	1,395	
100,1	7	100,1	1,396	
100,2	7	100,2	1,396	
100,3	7	100,3	1,396	
100,4	7	100,4	1,396	
100,5	7	100,5	1,396	
100,6	7	100,6	1,397	
100,7	7	100,7	1,397	
100,8	7	100,8	1,397	
100,9	7	100,9	1,397	
101	7	101	1,397	
101,1	7	101,1	1,397	
101,2	7	101,2	1,397	
101,3	7	101,3	1,398	
101,4	7	101,4	1,398	
101,5	7	101,5	1,398	
101,6	7	101,6	1,398	
101,7	7	101,7	1,398	
101,8	7	101,8	1,398	
101,9	7	101,9	1,398	
102	7	102	1,398	
102,1	7	102,1	1,398	
102,2	7	102,2	1,398	
102,3	7	102,3	1,399	
102,4	7	102,4	1,399	
102,5	7	102,5	1,399	
102,6	7	102,6	1,399	
102,7	7	102,7	1,399	
102,8	7	102,8	1,399	
102,9	7	102,9	1,399	
103	7	103	1,399	
103,1	7	103,1	1,399	
103,2	7	103,2	1,399	
103,3	7	103,3	1,399	
103,4	7	103,4	1,399	
103,5	7	103,5	1,399	
103,6	7	103,6	1,399	
103,7	7	103,7	1,399	
103,8	7	103,8	1,399	
103,9	7	103,9	1,399	
104	7	104	1,399	
104,1	7	104,1	1,399	
104,2	7	104,2	1,399	
104,3	7	104,3	1,399	
104,4	7	104,4	1,4	
104,5	7	104,5	1,4	
104,6	7	104,6	1,4	
104,7	7	104,7	1,4	
104,8	7	104,8	1,4	
104,9	7	104,9	1,4	
105	7	105	1,4	
105,1	7	105,1	1,4	
105,2	7	105,2	1,4	
105,3	7	105,3	1,4	
105,4	7	105,4	1,4	
105,5	7	105,5	1,4	
105,6	7	105,6	1,4	
105,7	7	105,7	1,4	
105,8	7	105,8	1,4	
105,9	7	105,9	1,4	
106	7	106	1,4	
106,1	7	106,1	1,4	
106,2	7	106,2	1,4	
106,3	7	106,3	1,4	
106,4	7	106,4	1,4	
106,5	7	106,5	1,4	
106,6	7	106,6	1,4	
106,7	7	106,7	1,4	
106,8	7	106,8	1,4	
106,9	7	106,9	1,4	
107	7	107	1,4	
107,1	7	107,1	1,4	
107,2	7	107,2	1,4	
107,3	7	107,3	1,4	
107,4	7	107,4	1,4	
107,5	7	107,5	1,4	
107,6	7	107,6	1,4	
107,7	7	107,7	1,4	
107,8	7	107,8	1,4	
107,9	7	107,9	1,4	
108	7	108	1,4	
108,1	7	108,1	1,4	
108,2	7	108,2	1,4	
108,3	7	108,3	1,4	
108,4	7	108,4	1,4	
108,5	7	108,5	1,4	
108,6	7	108,6	1,4	
108,7	7	108,7	1,4	
108,8	7	108,8	1,4	
108,9	7	108,9	1,4	
109	7	109	1,4	
109,1	7	109,1	1,4	
109,2	7	109,2	1,4	
109,3	7	109,3	1,4	
109,4	7	109,4	1,4	
109,5	7	109,5	1,4	
109,6	7	109,6	1,4	
109,7	7	109,7	1,4	
109,8	7	109,8	1,4	
109,9	7	109,9	1,4	
110	7	110	1,4	
110,1	7	110,1	1,4	
110,2	7	110,2	1,4	
110,3	7	110,3	1,4	
110,4	7	110,4	1,4	
110,5	7	110,5	1,4	
110,6	7	110,6	1,4	
110,7	7	110,7	1,4	
110,8	7	110,8	1,4	
110,9	7	110,9	1,4	
111	7	111	1,4	
111,1	7	111,1	1,4	
111,2	7	111,2	1,4	
111,3	7	111,3	1,4	
111,4	7	111,4	1,4	
111,5	7	111,5	1,4	
111,6	7	111,6	1,4	
111,7	7	111,7	1,4	
111,8	7	111,8	1,4	
111,9	7	111,9	1,4	
112	7	112	1,4	
112,1	7	112,1	1,4	
112,2	7	112,2	1,4	
112,3	7	112,3	1,4	
112,4	7	112,4	1,4	
112,5	7	112,5	1,4	
112,6	7	112,6	1,4	
112,7	7	112,7	1,4	
112,8	7	112,8	1,4	
112,9	7	112,9	1,4	
113	7	113	1,4	
113,1	7	113,1	1,4	
113,2	7	113,2	1,4	
113,3	7	113,3	1,4	
113,4	7	113,4	1,4	
113,5	7	113,5	1,4	
113,6	7	113,6	1,4	
113,7	7	113,7	1,4	
113,8	7	113,8	1,4	
113,9	7	113,9	1,4	
114	7	114	1,4	
114,1	7	114,1	1,4	
114,2	7	114,2	1,4	
114,3	7	114,3	1,4	
114,4	7	114,4	1,4	
114,5	7	114,5	1,4	
114,6	7	114,6	1,4	
114,7	7	114,7	1,4	
114,8	7	114,8	1,4	
114,9	7	114,9	1,4	
115	7	115	1,4	
115,1	7	115,1	1,4	
115,2	7	115,2	1,4	
115,3	7	115,3	1,4	
115,4	7	115,4	1,4	
115,5	7	115,5	1,4	
115,6	7	115,6	1,4	
115,7	7	115,7	1,4	
115,8	7	115,8	1,4	
115,9	7	115,9	1,4	
116	7	116	1,4	
116,1	7	116,1	1,4	
116,2	7	116,2	1,4	
116,3	7	116,3	1,4	
116,4	7	116,4	1,4	
116,5	7	116,5	1,4	
116,6	7	116,6	1,4	
116,7	7	116,7	1,4	
116,8	7	116,8	1,4	
116,9	7	116,9	1,4	
117	7	117	1,4	
117,1	7	117,1	1,4	
117,2	7	117,2	1,4	
117,3	7	117,3	1,4	
117,4	7	117,4	1,4	
117,5	7	117,5	1,4	
117,6	7	117,6	1,4	
117,7	7	117,7	1,4	
117,8	7	117,8	1,4	
117,9	7	117,9	1,4	
118	7	118	1,4	
118,1	7	118,1	1,4	
118,2	7	118,2	1,4	
118,3	7	118,3	1,4	
118,4	7	118,4	1,4	
118,5	7	118,5	1,4	
118,6	7	118,6	1,4	
118,7	7	118,7	1,4	
118,8	7	118,8	1,4	
118,9	7	118,9	1,4	
119	7	119	1,4	
119,1	7	119,1	1,4	
119,2	7	119,2	1,4	
119,3	7	119,3	1,4	
119,4	7	119,4	1,4	
119,5	7	119,5	1,4	
119,6	7	119,6	1,4	
119,7	7	119,7	1,4	
119,8	7	119,8	1,4	
119,9	7	119,9	1,4	
120	7	120	1,4	
120,1	7	120,1	1,4	
120,2	7	120,2	1,4	
120,3	7	120,3	1,4	
120,4	7	120,4	1,4	
120,5	7	120,5	1,4	
120,6	7	120,6	1,4	
120,7	7	120,7	1,4	
120,8	7	120,8	1,4	
120,9	7	120,9	1,4	
121	7	121	1,4	
121,1	7	121,1	1,4	
121,2	7	121,2	1,4	
121,3	7	121,3	1,4	
121,4	7	121,4	1,4	
121,5	7	121,5	1,4	
121,6	7	121,6	1,4	
121,7	7	121,7	1,4	
121,8	7	121,8	1,4	
121,9	7	121,9	1,4	
122	7	122	1,4	
122,1	7	122,1	1,4	
122,2	7	122,2	1,4	
122,3	7	122,3	1,4	
122,4	7	122,4	1,4	
122,5	7	122,5	1,4	
122,6	7	122,6	1,4	
122,7	7	122,7	1,4	
122,8	7	122,8	1,4	
122,9	7	122,9	1,4	
123	7	123	1,4	
123,1	7	123,1	1,4	
123,2	7	123,2	1,4	
123,3	7	123,3	1,4	
123,4	7	123,4	1,4	
123,5	7	123,5	1,4	
123,6	7	123,6	1,4	
123,7	7	123,7	1,4	
123,8	7	123,8	1,4	
123,9	7	123,9	1,4	
124	7	124	1,4	
124,1	7	124,1	1,4	
124,2	7	124,2	1,4	
124,3	7	124,3	1,4	
124,4	7	124,4	1,4	
124,5	7	124,5	1,4	
124,6	7	124,6	1,4	
124,7	7	124,7	1,4	
124,8	7	124,8	1,4	
124,9	7	124,9	1,4	
125	7	125	1,4	
125,1	7	125,1	1,4	
125,2	7	125,2	1,4	
125,3	7	125,3	1,4	
125,4	7	125,4	1,4	
125,5	7	125,5	1,4	
125,6	7	125,6	1,4	
125,7	7	125,7	1,4	
125,8	7	125,8	1,4	
125,9	7	125,9	1,4	
126	7	126	1,4	
126,1	7	126,1	1,4	
126,2	7	126,2	1,4	
126,3	7	126,3	1,4	
126,4	7	126,4	1,4	
126,5	7	126,5	1,4	
126,6	7	126,6	1,4	
126,7	7	126,7	1,4	
126,8	7	126,8	1,4	
126,9	7	126,9	1,4	
127	7	127	1,4	
127,1	7	127,1	1,4	
127,2	7	127,2	1,4	
127,3	7	127,3	1,4	
127,4	7	127,4	1,4	
127,5	7	127,5	1,4	
127,6	7	127,6	1,4	
127,7	7	127,7	1,4	
127,8	7	127,8	1,4	
127,9	7	127,9	1,4	
128	7	128	1,4	
128,1	7	128,1	1,4	
128,2	7	128,2	1,4	
128,3	7	128,3	1,4	
128,4	7	128,4	1,4	
128,5	7	128,5	1,4	
128,6	7	128,6	1,4	
128,7	7	128,7	1,4	
128,8	7	128,8	1,4	
128,9	7	128,9	1,4	
129	7	129	1,4	
129,1	7	129,1	1,4	
129,2	7	129,2	1,4	
129,3	7	129,3	1,4	
129,4	7	129,4	1,4	
129,5	7	129,5	1,4	
129,6	7	129,6	1,4	
129,7	7	129,7	1,4	
129,8	7	129,8	1,4	
129,9	7	129,9	1,4	
130	7	130	1,4	
130,1	7	130,1	1,4	
130,2	7	130,2	1,4	
130,3	7	130,3	1,4	
130,4	7	130,4	1,4	
130,5	7	130,5	1,4	
130,6	7	130,6	1,4	
130,7	7	130,7	1,4	
130,8	7	130,8	1,4	
130,9	7	130,9	1,4	
131	7	131	1,4	
131,1	7	131,1	1,4	
131,2	7	131,2	1,4	
131,3	7	131,3	1,4	
131,4	7	131,4	1,4	
131,5	7	131,5	1,4	
131,6	7	131,6	1,4	
131,7	7	131,7	1,4	
131,8	7	131,8	1,4	
131,9	7	131,9	1,4	
132	7	132	1,4	
132,1	7	132,1	1,4	
132,2	7	132,2	1,4	
132,3	7	132,3	1,4	
132,4	7	132,4	1,4	
132,5	7	132,5	1,4	
132,6	7	132,6	1,4	
132,7	7	132,7	1,4	
132,8	7	132,8	1,4	
132,9	7	132,9	1,4	
133	7	133	1,4	
133,1	7	133,1	1,4	
133,2	7	133,2	1,4	
133,3	7	133,3	1,4	
133,4	7	133,4	1,4	
133,5	7	133,5	1,4	
133,6	7	133,6	1,4	
133,7	7	133,7	1,4	
133,8	7	133,8	1,4	
133,9	7	133,9	1,4	
134	7	134	1,4	
134,1	7	134,1	1,4	
134,2	7	134,2	1,4	
134,3	7	134,3	1,4	
134,4	7	134,4	1,4	
134,5	7	134,5	1,4	
134,6	7	134,6	1,4	
134,7	7	134,7	1,4	
134,8	7	134,8	1,4	
134,9	7	134,9	1,4	
135	3	135	1,4	
135,1	3	135,1	1,36	
135,2	3	135,2	1,322	
135,3	3	135,3	1,286	
135,4	3	135,4	1,252	
135,5	3	135,5	1,219	
135,6	3	135,6	1,188	
135,7	3	135,7	1,159	
135,8	3	135,8	1,131	
135,9	3	135,9	1,104	
136	3	136	1,079	
136,1	3	136,1	1,055	
136,2	3	136,2	1,032	
136,3	3	136,3	1,011	
136,4	3	136,4	0,9901	
136,5	3	136,5	0,9706	
136,6	3	136,6	0,9521	
136,7	3	136,7	0,9345	
136,8	3	136,8	0,9178	
136,9	3	136,9	0,9019	
137	3	137	0,8868	
137,1	3	137,1	0,8724	
137,2	3	137,2	0,8588	
137,3	3	137,3	0,8459	
137,4	3	137,4	0,8336	
137,5	3	137,5	0,8219	
137,6	3	137,6	0,8108	
137,7	3	137,7	0,8003	
137,8	3	137,8	0,7903	
137,9	3	137,9	0,7807	
138	3	138	0,7717	
138,1	3	138,1	0,7631	
138,2	3	138,2	0,755	
138,3	3	138,3	0,7472	
138,4	3	138,4	0,7399	
138,5	3	138,5	0,7329	
138,6	3	138,6	0,7262	
138,7	3	138,7	0,7199	
138,8	3	138,8	0,7139	
138,9	3	138,9	0,7082	
139	3	139	0,7028	
139,1	3	139,1	0,6977	
139,2	3	139,2	0,6928	
139,3	3	139,3	0,6881	
139,4	3	139,4	0,6837	
139,5	3	139,5	0,6796	
139,6	3	139,6	0,6756	
139,7	3	139,7	0,6718	
139,8	3	139,8	0,6682	
139,9	3	139,9	0,6648	
140	3	140	0,6616	
140,1	3	140,1	0,6585	
140,2	3	140,2	0,6556	
140,3	3	140,3	0,6528	
140,4	3	140,4	0,6501	
140,5	3	140,5	0,6476	
140,6	3	140,6	0,6452	
140,7	3	140,7	0,643	
140,8	3	140,8	0,6408	
140,9	3	140,9	0,6388	
141	3	141	0,6369	
141,1	3	141,1	0,635	
141,2	3	141,2	0,6333	
141,3	3	141,3	0,6316	
141,4	3	141,4	0,63	
141,5	3	141,5	0,6285	
141,6	3	141,6	0,6271	
141,7	3	141,7	0,6257	
141,8	3	141,8	0,6245	
141,9	3	141,9	0,6232	
142	3	142	0,6221	
142,1	3	142,1	0,621	
142,2	3	142,2	0,6199	
142,3	3	142,3	0,6189	
142,4	3	142,4	0,618	
142,5	3	142,5	0,6171	
142,6	3	142,6	0,6162	
142,7	3	142,7	0,6154	
142,8	3	142,8	0,6146	
142,9	3	142,9	0,6139	
143	3	143	0,6132	
143,1	3	143,1	0,6126	
143,2	3	143,2	0,6119	
143,3	3	143,3	0,6113	
143,4	3	143,4	0,6108	
143,5	3	143,5	0,6102	
143,6	3	143,6	0,6097	
143,7	3	143,7	0,6092	
143,8	3	143,8	0,6088	
143,9	3	143,9	0,6083	
144	3	144	0,6079	
144,1	3	144,1	0,6075	
144,2	3	144,2	0,6071	
144,3	3	144,3	0,6068	
144,4	3	144,4	0,6064	
144,5	3	144,5	0,6061	
144,6	3	144,6	0,6058	
144,7	3	144,7	0,6055	
144,8	3	144,8	0,6052	
144,9	3	144,9	0,605	
145	3	145	0,6047	
145,1	3	145,1	0,6045	
145,2	3	145,2	0,6043	
145,3	3	145,3	0,6041	
145,4	3	145,4	0,6039	
145,5	3	145,5	0,6037	
145,6	3	145,6	0,6035	
145,7	3	145,7	0,6033	
145,8	3	145,8	0,6031	
145,9	3	145,9	0,603	
146	3	146	0,6028	
146,1	3	146,1	0,6027	
146,2	3	146,2	0,6026	
146,3	3	146,3	0,6024	
146,4	3	146,4	0,6023	
146,5	3	146,5	0,6022	
146,6	3	146,6	0,6021	
146,7	3	146,7	0,602	
146,8	3	146,8	0,6019	
146,9	3	146,9	0,6018	
147	3	147	0,6017	
147,1	3	147,1	0,6016	
147,2	3	147,2	0,6015	
147,3	3	147,3	0,6015	
147,4	3	147,4	0,6014	
147,5	3	147,5	0,6013	
147,6	3	147,6	0,6012	
147,7	3	147,7	0,6012	
147,8	3	147,8	0,6011	
147,9	3	147,9	0,6011	
148	3	148	0,601	
148,1	3	148,1	0,601	
148,2	3	148,2	0,6009	
148,3	3	148,3	0,6009	
148,4	3	148,4	0,6008	
148,5	3	148,5	0,6008	
148,6	3	148,6	0,6007	
148,7	3	148,7	0,6007	
148,8	3	148,8	0,6007	
148,9	3	148,9	0,6006	
149	3	149	0,6006	
149,1	3	149,1	0,6006	
149,2	3	149,2	0,6005	
149,3	3	149,3	0,6005	
149,4	3	149,4	0,6005	
149,5	3	149,5	0,6005	
149,6	3	149,6	0,6004	
149,7	3	149,7	0,6004	
149,8	3	149,8	0,6004	
149,9	3	149,9	0,6004	
150	3	150	0,6004	
150,1	3	150,1	0,6003	
150,2	3	150,2	0,6003	
150,3	3	150,3	0,6003	
150,4	3	150,4	0,6003	
150,5	3	150,5	0,6003	
150,6	3	150,6	0,6003	
150,7	3	150,7	0,6003	
150,8	3	150,8	0,6002	
150,9	3	150,9	0,6002	
151	3	151	0,6002	
151,1	3	151,1	0,6002	
151,2	3	151,2	0,6002	
151,3	3	151,3	0,6002	
151,4	3	151,4	0,6002	
151,5	3	151,5	0,6002	
151,6	3	151,6	0,6002	
151,7	3	151,7	0,6002	
151,8	3	151,8	0,6001	
151,9	3	151,9	0,6001	
152	3	152	0,6001	
152,1	3	152,1	0,6001	
152,2	3	152,2	0,6001	
152,3	3	152,3	0,6001	
152,4	3	152,4	0,6001	
152,5	3	152,5	0,6001	
152,6	3	152,6	0,6001	
152,7	3	152,7	0,6001	
152,8	3	152,8	0,6001	
152,9	3	152,9	0,6001	
153	3	153	0,6001	
153,1	3	153,1	0,6001	
153,2	3	153,2	0,6001	
153,3	3	153,3	0,6001	
153,4	3	153,4	0,6001	
153,5	3	153,5	0,6001	
153,6	3	153,6	0,6001	
153,7	3	153,7	0,6001	
153,8	3	153,8	0,6001	
153,9	3	153,9	0,6	
154	3	154	0,6	
154,1	3	154,1	0,6	
154,2	3	154,2	0,6	
154,3	3	154,3	0,6	
154,4	3	154,4	0,6	
154,5	3	154,5	0,6	
154,6	3	154,6	0,6	
154,7	3	154,7	0,6	
154,8	3	154,8	0,6	
154,9	3	154,9	0,6	
155	3	155	0,6	
155,1	3	155,1	0,6	
155,2	3	155,2	0,6	
155,3	3	155,3	0,6	
155,4	3	155,4	0,6	
155,5	3	155,5	0,6	
155,6	3	155,6	0,6	
155,7	3	155,7	0,6	
155,8	3	155,8	0,6	
155,9	3	155,9	0,6	
156	3	156	0,6	
156,1	3	156,1	0,6	
156,2	3	156,2	0,6	
156,3	3	156,3	0,6	
156,4	3	156,4	0,6	
156,5	3	156,5	0,6	
156,6	3	156,6	0,6	
156,7	3	156,7	0,6	
156,8	3	156,8	0,6	
156,9	3	156,9	0,6	
157	3	157	0,6	
157,1	3	157,1	0,6	
157,2	3	157,2	0,6	
157,3	3	157,3	0,6	
157,4	3	157,4	0,6	
157,5	3	157,5	0,6	
157,6	3	157,6	0,6	
157,7	3	157,7	0,6	
157,8	3	157,8	0,6	
157,9	3	157,9	0,6	
158	3	158	0,6	
158,1	3	158,1	0,6	
158,2	3	158,2	0,6	
158,3	3	158,3	0,6	
158,4	3	158,4	0,6	
158,5	3	158,5	0,6	
158,6	3	158,6	0,6	
158,7	3	158,7	0,6	
158,8	3	158,8	0,6	
158,9	3	158,9	0,6	
159	3	159	0,6	
159,1	3	159,1	0,6	
159,2	3	159,2	0,6	
159,3	3	159,3	0,6	
159,4	3	159,4	0,6	
159,5	3	159,5	0,6	
159,6	3	159,6	0,6	
159,7	3	159,7	0,6	
159,8	3	159,8	0,6	
159,9	3	159,9	0,6	
160	3	160	0,6	
160,1	3	160,1	0,6	
160,2	3	160,2	0,6	
160,3	3	160,3	0,6	
160,4	3	160,4	0,6	
160,5	3	160,5	0,6	
160,6	3	160,6	0,6	
160,7	3	160,7	0,6	
160,8	3	160,8	0,6	
160,9	3	160,9	0,6	
161	3	161	0,6	
161,1	3	161,1	0,6	
161,2	3	161,2	0,6	
161,3	3	161,3	0,6	
161,4	3	161,4	0,6	
161,5	3	161,5	0,6	
161,6	3	161,6	0,6	
161,7	3	161,7	0,6	
161,8	3	161,8	0,6	
161,9	3	161,9	0,6	
162	3	162	0,6	
162,1	3	162,1	0,6	
162,2	3	162,2	0,6	
162,3	3	162,3	0,6	
162,4	3	162,4	0,6	
162,5	3	162,5	0,6	
162,6	3	162,6	0,6	
162,7	3	162,7	0,6	
162,8	3	162,8	0,6	
162,9	3	162,9	0,6	
163	3	163	0,6	
163,1	3	163,1	0,6	
163,2	3	163,2	0,6	
163,3	3	163,3	0,6	
163,4	3	163,4	0,6	
163,5	3	163,5	0,6	
163,6	3	163,6	0,6	
163,7	3	163,7	0,6	
163,8	3	163,8	0,6	
163,9	3	163,9	0,6	
164	3	164	0,6	
164,1	3	164,1	0,6	
164,2	3	164,2	0,6	
164,3	3	164,3	0,6	
164,4	3	164,4	0,6	
164,5	3	164,5	0,6	
164,6	3	164,6	0,6	
164,7	3	164,7	0,6	
164,8	3	164,8	0,6	
164,9	3	164,9	0,6	
165	3	165	0,6	
165,1	3	165,1	0,6	
165,2	3	165,2	0,6	
165,3	3	165,3	0,6	
165,4	3	165,4	0,6	
165,5	3	165,5	0,6	
165,6	3	165,6	0,6	
165,7	3	165,7	0,6	
165,8	3	165,8	0,6	
165,9	3	165,9	0,6	
166	3	166	0,6	
166,1	3	166,1	0,6	
166,2	3	166,2	0,6	
166,3	3	166,3	0,6	
166,4	3	166,4	0,6	
166,5	3	166,5	0,6	
166,6	3	166,6	0,6	
166,7	3	166,7	0,6	
166,8	3	166,8	0,6	
166,9	3	166,9	0,6	
167	3	167	0,6	
167,1	3	167,1	0,6	
167,2	3	167,2	0,6	
167,3	3	167,3	0,6	
167,4	3	167,4	0,6	
167,5	3	167,5	0,6	
167,6	3	167,6	0,6	
167,7	3	167,7	0,6	
167,8	3	167,8	0,6	
167,9	3	167,9	0,6	
168	3	168	0,6	
168,1	3	168,1	0,6	
168,2	3	168,2	0,6	
168,3	3	168,3	0,6	
168,4	3	168,4	0,6	
168,5	3	168,5	0,6	
168,6	3	168,6	0,6	
168,7	3	168,7	0,6	
168,8	3	168,8	0,6	
168,9	3	168,9	0,6	
169	3	169	0,6	
169,1	3	169,1	0,6	
169,2	3	169,2	0,6	
169,3	3	169,3	0,6	
169,4	3	169,4	0,6	
169,5	3	169,5	0,6	
169,6	3	169,6	0,6	
169,7	3	169,7	0,6	
169,8	3	169,8	0,6	
169,9	3	169,9	0,6	
170	3	170	0,6	
170,1	3	170,1	0,6	
170,2	3	170,2	0,6	
170,3	3	170,3	0,6	
170,4	3	170,4	0,6	
170,5	3	170,5	0,6	
170,6	3	170,6	0,6	
170,7	3	170,7	0,6	
170,8	3	170,8	0,6	
170,9	3	170,9	0,6	
171	3	171	0,6	
171,1	3	171,1	0,6	
171,2	3	171,2	0,6	
171,3	3	171,3	0,6	
171,4	3	171,4	0,6	
171,5	3	171,5	0,6	
171,6	3	171,6	0,6	
171,7	3	171,7	0,6	
171,8	3	171,8	0,6	
171,9	3	171,9	0,6	
172	3	172	0,6	
172,1	3	172,1	0,6	
172,2	3	172,2	0,6	
172,3	3	172,3	0,6	
172,4	3	172,4	0,6	
172,5	3	172,5	0,6	
172,6	3	172,6	0,6	
172,7	3	172,7	0,6	
172,8	3	172,8	0,6	
172,9	3	172,9	0,6	
173	3	173	0,6	
173,1	3	173,1	0,6	
173,2	3	173,2	0,6	
173,3	3	173,3	0,6	
173,4	3	173,4	0,6	
173,5	3	173,5	0,6	
173,6	3	173,6	0,6	
173,7	3	173,7	0,6	
173,8	3	173,8	0,6	
173,9	3	173,9	0,6	
174	3	174	0,6	
174,1	3	174,1	0,6	
174,2	3	174,2	0,6	
174,3	3	174,3	0,6	
174,4	3	174,4	0,6	
174,5	3	174,5	0,6	
174,6	3	174,6	0,6	
174,7	3	174,7	0,6	
174,8	3	174,8	0,6	
174,9	3	174,9	0,6	
175	3	175	0,6	
175,1	3	175,1	0,6	
175,2	3	175,2	0,6	
175,3	3	175,3	0,6	
175,4	3	175,4	0,6	
175,5	3	175,5	0,6	
175,6	3	175,6	0,6	
175,7	3	175,7	0,6	
175,8	3	175,8	0,6	
175,9	3	175,9	0,6	
176	3	176	0,6	
176,1	3	176,1	0,6	
176,2	3	176,2	0,6	
176,3	3	176,3	0,6	
176,4	3	176,4	0,6	
176,5	3	176,5	0,6	
176,6	3	176,6	0,6	
176,7	3	176,7	0,6	
176,8	3	176,8	0,6	
176,9	3	176,9	0,6	
177	3	177	0,6	
177,1	3	177,1	0,6	
177,2	3	177,2	0,6	
177,3	3	177,3	0,6	
177,4	3	177,4	0,6	
177,5	3	177,5	0,6	
177,6	3	177,6	0,6	
177,7	3	177,7	0,6	
177,8	3	177,8	0,6	
177,9	3	177,9	0,6	
178	3	178	0,6	
178,1	3	178,1	0,6	
178,2	3	178,2	0,6	
178,3	3	178,3	0,6	
178,4	3	178,4	0,6	
178,5	3	178,5	0,6	
178,6	3	178,6	0,6	
178,7	3	178,7	0,6	
178,8	3	178,8	0,6	
178,9	3	178,9	0,6	
179	3	179	0,6	
179,1	3	179,1	0,6	
179,2	3	179,2	0,6	
179,3	3	179,3	0,6	
179,4	3	179,4	0,6	
179,5	3	179,5	0,6	
179,6	3	179,6	0,6	
179,7	3	179,7	0,6	
179,8	3	179,8	0,6	
179,9	3	179,9	0,6	
180	7	180	0,6	
